2017090100340001
2017090100341001
2017090100342001
2017090100344001
2017090100345001
2017090100346001
2017090100347001
2017090100348001
2017090100349001
2017090100350001
2017090100351001
2017090100353001
2017090100354001
2017090100357001
2017090100359001
2017090100359002
2017090100359003
2017090100360001
2017090100361001
2017090100362001
2017090100364001
2017090100364002
2017090100364003
2017090100366001
2017090100366002
2017090100369001
2017090100369002
2017090100371001
2017090100372001
2017090100373001
2017090100375001
2017090100376001
2017090100377001
2017090100379001
2017090100380001
2017090100380002
2017090101141007
2017090100380003
2017090100380004
2017090100380005
2017090100382001
2017090100382002
2017090100382003
2017090100382004
2017090100382005
2017090100383001
2017090100385001
2017090100386001
2017090100387001
2017090100388001
2017090100389001
2017090101141008
2017090100391001
2017090100393001
2017090100393002
2017090100394001
2017090100395001
2017090100396001
2017090100397001
2017090100397002
2017090100397003
2017090100400001
2017090100400002
2017090100400003
2017090100401001
2017090100402001
2017090100403001
2017090100404001
2017090100405001
2017090100405002
2017090100407001
2017090100408001
2017090100409001
2017090100410001
2017090100411001
2017090100413001
2017090100413002
2017090100413003
2017090100414001
2017090100415001
2017090100416001
2017090100416002
2017090100416003
2017090100416004
2017090101141009
2017090100417001
2017090100418001
2017090100418002
2017090100419001
2017090100420001
2017090100421001
2017090100421002
2017090100421003
2017090100422001
2017090100423001
2017090100424001
2017090100426001
2017090100427001
2017090100428001
2017090100428002
2017090100429001
2017090101141010
2017090100430001
2017090100431001
2017090100432001
2017090100432002
2017090100432003
2017090100432004
2017090100712001
2017090100432005
2017090100432006
2017090100433001
2017090100434001
2017090100435001
2017090100435002
2017090100713001
2017090100436001
2017090100437001
2017090100438001
2017090100439001
2017090100440001
2017090100442001
2017090100443001
2017090100443002
2017090100443003
2017090100444001
2017090100444002
2017090100444003
2017090100445001
2017090100446001
2017090100446002
2017090100447001
2017090100448001
2017090100449001
2017090100449002
2017090100450001
2017090100452001
2017090100453001
2017090100454001
2017090100454002
2017090100454003
2017090100455001
2017090100455002
2017090100455003
2017090100457001
2017090100458001
2017090100459001
2017090100460001
2017090100462001
2017090100463001
2017090100464001
2017090100465001
2017090100465002
2017090100465003
2017090100466001
2017090100467001
2017090100468001
2017090100470001
2017090100471001
2017090100472001
2017090100472002
2017090100473001
2017090100474001
2017090100475001
2017090101141011
2017090100475002
2017090100476001
2017090100476002
2017090100476003
2017090100477001
2017090100480001
2017090100481001
2017090100481002
2017090100481003
2017090100481004
2017090100482002
2017090100482003
2017090100482004
2017090100482005
2017090100482006
2017090100482007
2017090100482008
2017090100483001
2017090100483002
2017090100483003
2017090100484001
2017090100484002
2017090100485001
2017090100486001
2017090100487001
2017090100487002
2017090100487003
2017090100488001
2017090100488002
2017090100488003
2017090100489001
2017090100490001
2017090100491001
2017090100492001
